#mmax= 15
#m-states: all states (FBR)
#Nr. of sites: 100

0.0  50.00015137537563 0.005000012718459623 
0.1  42.73832652973216 0.0036120496808410563 
0.2  35.734675809473956 0.002271708467006528 
0.3  29.469879772088593 0.001478524986767038 
0.4  25.473660932506665 0.0010318254656922488 
0.5  22.628944891769727 0.0005445048233149175 
0.6  20.31624111883269 9.10594824643507e-6 
0.7  18.364323365982994 -0.0006162073899171894 
0.8  16.687667675824894 -0.0012791760525325824 
0.9  15.235762211378837 -0.0019713430094905338 
1.0  13.976250352417175 -0.0026681376366233245 
