#mmax= 15
#m-states: all states (FBR)
#Nr. of sites: 100

0.0  49.998024651883846 0.004999628487851182 
0.1  73.29340248805613 0.009743926560408678 
0.2  133.44048981744322 0.02291549905679824 
0.3  3558.04168417903 0.6470487992980134 
0.4  5367.69593784344 0.6624641454049536 
0.5  6152.848382644783 0.664230984816292 
0.6  6689.490240133576 0.6649359797856287 
0.7  7102.527011688874 0.6653239932693318 
0.8  7439.86654079027 0.6655831939568819 
0.9  7723.042964215483 0.6657730457935634 
1.0  7961.141189894055 0.6659174550802869 
