#mmax= 15
#m-states: all states (FBR)
#Nr. of sites: 100

0.0  0.9999999999999933 
0.1  0.990633860117287 0.007639621504150533 0.0017265183785628903 
0.2  0.9538331528289455 0.040297789232254536 0.005825945192506061 4.31127462893147e-5 
0.3  0.9823057552118329 0.011307030908203872 0.006168056543507477 0.00017661592216082302 2.747140943900281e-5 1.5070004849721532e-5 
0.4  0.9924960716631291 0.005301981586677436 0.0021492184286620963 4.0398097359614994e-5 1.2330224177448391e-5 
0.5  0.9942693956478009 0.004593921277130891 0.0011205140719665067 1.6169003110388212e-5 
0.6  0.9952574575719473 0.003933350197944133 0.0008091922301166143 
0.7  0.9960056935547186 0.003313482116289608 0.0006808243289980964 
0.8  0.9966567358576408 0.0027520437241564705 0.0005912204182117827 
0.9  0.9972316471601756 0.002255017352956192 0.0005133354868715303 
1.0  0.9977174883517081 0.0018393943914535448 0.0004431172568480845 
